Scene: Untitled
ID: 7746280174807005691
Entities:
  - Entity: 12332770875343846942
    NameComponent: Square 1
    TransformComponent:
      Position: [7.05690575, 7.11000013, 1]
      Rotation: [0, -0, 0]
      Scale: [18.75, 18.75, 18.75]
    SpriteComponent:
      TextureHandle: 18167740098099831042
      Color: [1, 1, 1, 1]
  - Entity: 3995142301690757029
    NameComponent: Bunny (fbx)
    TransformComponent:
      Position: [0, 0, 0]
      Rotation: [1.58514882e-41, -1.86036384e-41, -8.12753109e-42]
      Scale: [0.999991953, 0.999998689, 0.999991417]
    ModelComponent:
      ModelHandle: 15240123531402163961