Scene: Untitled
ID: 7746280174807005691
Entities:
  - Entity: 12332770875343846942
    NameComponent: Square 1
    TransformComponent:
      Position: [7.05690575, 8.71000004, 1]
      Rotation: [0, -0, 0]
      Scale: [18.7499943, 18.75, 18.75]
    SpriteComponent:
      TextureHandle: 8612828474618395439
      Color: [1, 1, 1, 1]
  - Entity: 3995142301690757029
    NameComponent: Bunny (fbx)
    TransformComponent:
      Position: [0, 0, 0]
      Rotation: [0, 239, 0]
      Scale: [0.999991953, 0.999998689, 0.999991417]
    ModelComponent:
      ModelHandle: 15240123531402163961