Scene: Untitled
ID: 7746280174807005691
Entities:
  - Entity: 12332770875343846942
    NameComponent: Square 1
    TransformComponent:
      Position: [7.05690575, 6.20967293, 0]
      Rotation: [0, -0, 0]
      Scale: [18.75, 18.75, 18.75]
    SpriteComponent:
      TextureHandle: 18167740098099831042
      Color: [1, 1, 1, 1]
  - Entity: 3995142301690757029
    NameComponent: Bunny (fbx)
    TransformComponent:
      Position: [0, 0, 0]
      Rotation: [0, 0, 0]
      Scale: [1, 1, 1]
    ModelComponent:
      ModelHandle: 15240123531402163961